0	5.302190818911617	3.7894811183638426	1.8539935746854532	3.387054437788653	4.751900052225127	3.144164605456314	2.105321462820489	3.1885537283759056	0	2.666369639019975	4.461390146674509	1.8592787746463693	3.5961344766492847	2.3385421305759535	3.121621226427402	2.4327693846175595	.9707124213786047	3.6027709427913863	2.3715325326517362	2.098368932510279	2.2032615142508094	0	.9779692323644527	1.4413262070896609	2.152842180867624	.9314180728157102	2.4073191879698967	3.063609778825144	1.838558924229589	3.880733183391239	1.6188183885189251	1.2532396881016048	1.0803070819907419	3.058736979489719	.39204917386199367	.9665003090781236	1.4824512611200251	3.6200173858830573	2.645798097625597	3.1988944310482887	3.168168351925894	1.1664916240975072	.9849378133516316	1.2281405105277543	.668969585641822
5.302190818911617	0	8.038188057916626	0	5.51651688987122	.257267463529344	4.730288580806291	.6873287225285691	3.9909888064035965	0	3.014155350067251	4.077514757017384	0	4.207372761211959	0	.6204664319039158	2.81858454785281	0	4.1272948630377035	1.1143221420158753	1.6355099400328976	2.0542503491176953	0	0	2.4394470758774642	.620313471962852	0	2.078310184653591	2.675462649831994	1.7962864364458766	2.430565084538309	1.8775126947856402	0	0	3.2371951840595754	0	0	0	0	2.4204807664169476	3.085317317687721	3.115130756837772	0	.9793609627716722	0	0
3.7894811183638426	8.038188057916626	0	1.9107756652700134	3.4047603275802922	3.7538750145488495	4.961020912284771	1.4223477411105374	2.2824960342672918	2.749187970992782	3.270403067626227	4.052125254953907	4.852391765145929	3.3799707455722108	1.815976612335916	2.72526454779873	2.4106209116649047	0	2.998303779965212	2.838292069756259	.9191390637901312	1.7627260735809167	.3651058326695356	1.1573335472804862	.38456639033153156	0	2.4564575103937365	2.8822509139683303	1.2442383465145976	1.6231739854543783	1.5046579363247659	3.3002937549421842	3.1743495027629285	3.4201170350664407	2.6945243869192956	2.6326475152190314	0	2.6976648697846968	1.9976879548701778	2.054596205469141	1.7897819173628935	3.1412493507649786	1.909621873385277	0	0	0
1.8539935746854532	0	1.9107756652700134	0	1.592185609930692	0	.9658190746425394	1.3034547045572946	3.0372277937673293	1.7129440770023336	1.8321414564078782	2.675924988913012	.4667128619709658	0	2.878729261012862	1.6347078254952514	.8000023565152257	.13141037640276457	.8828114221278166	0	1.7190476987782481	.0674950751712477	0	0	1.4791372552549709	.1402529930195352	1.342075133174376	3.456660669854464	1.2471989566490471	1.8481141757646136	.5897362097776008	1.5317685705666961	1.5776184398167878	1.1342194289088923	0	2.0902677522456803	.9092105129768344	2.163959130031337	2.041256851468535	0	.7770118184667587	1.106716879489525	2.068721736714433	0	1.7935344344171338	.5300935758536995
3.387054437788653	5.51651688987122	3.4047603275802922	1.592185609930692	0	3.4497608122581465	3.0488021186463548	2.3179456705529846	2.9822336560986558	2.2627805091102076	1.2386868965898334	3.2405190646928386	1.5511399842338582	3.470683681659693	.9780920939711905	1.7679318183358481	2.58108856383992	0	3.0176933506878445	2.6481588835686263	1.459869192324855	1.5105689006190468	0	0	1.6204720122359937	1.3400526515357558	.1470244891809737	2.179227509562485	2.237573039988173	2.157754041780622	2.7636650060778285	2.6424324770168983	1.6174502850679962	0	2.811671825215694	.32408268837275006	.29323425711887546	.6589587984065524	1.925818076920018	2.371940855573101	2.4144272089875205	3.3403107568087833	1.112603998943999	0	1.2906451956814102	0
4.751900052225127	.257267463529344	3.7538750145488495	0	3.4497608122581465	0	3.1287094189353333	2.5172322328626984	3.629000183238221	0	2.9621383525471536	3.779837313737335	1.0597263419565526	3.8620738835638475	.13356889519998721	2.8731500961262477	3.807538803759035	.9604261323380616	3.7092267054302237	0	2.10588054731377	1.1706696233034537	.7797379812192459	.7438493541312756	2.499632684616279	.8009411472700045	1.5550534632866433	1.9547286031173117	2.1515885756710946	1.5691242469262814	3.7682837593731877	1.0446210503516111	0	0	2.664692612783816	0	0	.9558621719348077	1.7788542336966273	2.254253776876562	3.2293354623926946	3.322395971136762	.32952023750874687	0	0	.3464197072688997
3.144164605456314	4.730288580806291	4.961020912284771	.9658190746425394	3.0488021186463548	3.1287094189353333	0	.3281977603366332	2.580298621078186	1.4686642623669226	3.2667016994389333	3.2424945474287408	3.287013808455061	2.135745254622502	3.245500934607437	1.4439605363743901	0	.20585638514504997	3.209563111799686	1.5441068766301569	1.9985760413635099	.4476369670076408	1.762452698836982	.496498942618767	0	0	2.4542391006072934	2.634268318112048	2.167530770809057	2.1819089369892346	1.7937890650571233	2.541334558996309	1.9370114773494431	1.5033937428948572	1.661414938997113	1.70483341451045	0	1.5687410593031728	1.6032815248575936	1.4910005536253823	1.6316725978962354	1.3834483979321226	2.082137314455792	0	0	0
2.105321462820489	.6873287225285691	1.4223477411105374	1.3034547045572946	2.3179456705529846	2.5172322328626984	.3281977603366332	0	2.525330489653854	1.515059348069734	1.8944548620836092	3.396656306261534	1.9624079288328027	.5803585647042394	1.7281023564910722	.17967032103620947	.17024669608947252	0	1.4765724275033383	.7320954778053789	0	1.070953028475701	1.71288301453866	1.3592392010287355	0	0	2.525517875274636	2.573521317488435	.4899581927505665	2.8098000524804383	1.1767470433666343	1.3166961293242847	2.674896610064931	2.9198875256586128	.10401101103759194	2.3610795751042786	0	0	1.9675223356625653	.9202461838139416	1.0785831434287414	1.4369555289538845	1.5353091123103095	0	0	0
3.1885537283759056	3.9909888064035965	2.2824960342672918	3.0372277937673293	2.9822336560986558	3.629000183238221	2.580298621078186	2.525330489653854	0	2.7465161726613125	2.536187167857033	2.0845909359088846	1.7297507201263205	2.164554243641806	2.5507607812238757	1.5510408355862846	1.8023462407819004	1.0974361880892136	3.335558257617491	3.1528353979210553	2.424820313591359	1.8059378664000423	0	1.1505558428516962	2.2857258394490136	1.1954326899701189	1.4342874230203106	1.6446037007459302	1.599663286095594	.4936636708078233	1.6361086368806617	1.0757896074964963	2.0689845672793004	2.0428509618447737	2.7090100398422927	2.0878159512738117	1.0541076875468232	1.2923175188812748	0	.10367079019085461	2.246768090380014	1.2394783386155017	.5598662526091792	.7288276174643015	1.3276763996309358	.09608063639967838
0	0	2.749187970992782	1.7129440770023336	2.2627805091102076	0	1.4686642623669226	1.515059348069734	2.7465161726613125	0	3.090215911844096	1.6848028046439723	.45382730971836505	.6858515054730299	4.841309481989533	.8206162560467646	1.739102138154442	.5756354828444085	2.1965051618842857	.5321826307495189	2.12789368163323	.7947493957972739	.682606594594564	0	1.8922703100800469	.9270888555106023	.9540962373238862	2.8590132662569894	3.138166009670392	1.9943791373550568	1.508618416395495	0	2.547501975800477	2.1214263324962763	.469505985460356	2.097284106189442	1.2536114608423778	2.3746006095349212	1.3481394926844512	.1568578097349344	.1935448735360283	1.2202831936241025	0	.026550334224120037	1.5970010545962283	.5879098746423345
2.666369639019975	3.014155350067251	3.270403067626227	1.8321414564078782	1.2386868965898334	2.9621383525471536	3.2667016994389333	1.8944548620836092	2.536187167857033	3.090215911844096	0	2.5589811646141474	1.8852167645383906	2.9995746964407135	3.9026108461506106	2.940627139016559	.6173510123444668	2.4448278653596605	2.4064585776699516	1.4952370181747834	0	1.894802810274319	1.8176947932474732	2.5643634266959454	0	0	3.2083997719896713	3.2692137100725747	1.8863385006416753	3.0852227530862257	2.79554133521223	3.4387872425970194	2.2378883993454695	2.1854911811132363	.5202831137323588	2.4665123384628815	.7155713699721462	.011959036928203375	2.567445976529368	2.091312695924773	2.115382732048374	1.951685774956106	1.3290285101986454	0	0	0
4.461390146674509	4.077514757017384	4.052125254953907	2.675924988913012	3.2405190646928386	3.779837313737335	3.2424945474287408	3.396656306261534	2.0845909359088846	1.6848028046439723	2.5589811646141474	0	2.3859346926580804	2.7786898349649465	2.6361682493386343	2.090698334276932	2.1414995126546734	1.048453875385196	3.9709806743901326	1.722502132046531	1.6239260408192089	.08950512798442155	1.1317258840866664	1.5972354048364925	2.4822743995364034	1.96205608783875	.9694815582096102	2.672530675007863	3.5239651823683786	3.582210757123406	1.2222814360828391	1.143391104110886	.6282423416288938	.17446271896641272	2.282060885632473	0	.8509532158117583	2.318872920915628	.46818187693817104	1.5027535479762937	2.6952256307518194	1.1788163411605186	.3421824950902886	.8768902876921496	1.7197910570818433	.7351099688984717
1.8592787746463693	0	4.852391765145929	.4667128619709658	1.5511399842338582	1.0597263419565526	3.287013808455061	1.9624079288328027	1.7297507201263205	.45382730971836505	1.8852167645383906	2.3859346926580804	0	3.884328089754106	.8322121311969083	1.0294512833433291	1.8231152710418512	1.5948706620997872	2.055029216536274	0	2.3644857674390867	0	1.981298029879209	1.2564984017372176	1.1664240862717117	1.3475088115054519	1.5257859241364986	2.132273070644419	3.0375995826955453	1.9909051157027822	1.3810355379215258	1.1344738009422597	.8827367580488867	.8014724981742146	1.8447556449498852	0	.2944105808192038	0	.09231904743583502	1.2970007424038226	.2062426442158901	1.0261993902786914	0	.3639934856239382	2.4945193683766047	1.04523353657679
3.5961344766492847	4.207372761211959	3.3799707455722108	0	3.470683681659693	3.8620738835638475	2.135745254622502	.5803585647042394	2.164554243641806	.6858515054730299	2.9995746964407135	2.7786898349649465	3.884328089754106	0	2.825689805099688	2.2118713350882473	.36442958794154157	1.9899543267839033	.08174422530337666	1.358405378889098	.08425220034407686	1.6971009493791969	2.0571690191616407	1.41212568792646	.8947901369327496	3.36039334053084	3.167933839965247	2.7997757676479953	2.2632490674330272	1.9404474640037892	.397420494528492	2.0631664524072657	2.078451699877076	3.6598291513317793	0	1.748568090816637	0	.9240340530109783	1.8496012931651487	.24578438507624695	2.2735466621711105	1.9536549915449788	1.2389344762948886	0	0	0
2.3385421305759535	0	1.815976612335916	2.878729261012862	.9780920939711905	.13356889519998721	3.245500934607437	1.7281023564910722	2.5507607812238757	4.841309481989533	3.9026108461506106	2.6361682493386343	.8322121311969083	2.825689805099688	0	3.5296247230937072	2.007525954843378	0	4.056718656926516	1.2355048875119072	1.5477805890100502	2.285799519830695	.40916914102771346	.07554465865955874	.04776839998772748	.9527212254467594	1.6474536354135245	3.273864699566546	1.1177676956316478	3.356083577602492	3.3414072405967543	.8566062329657754	2.326773690368961	.8803161372872214	1.8060750468635656	2.2258066325170356	.5758348600722927	1.2682948124817381	3.3613289551048724	2.1550393605065774	2.7971720943874607	3.0895447797836066	.9945437926947095	0	0	0
3.121621226427402	.6204664319039158	2.72526454779873	1.6347078254952514	1.7679318183358481	2.8731500961262477	1.4439605363743901	.17967032103620947	1.5510408355862846	.8206162560467646	2.940627139016559	2.090698334276932	1.0294512833433291	2.2118713350882473	3.5296247230937072	0	.7531544260591585	.29853810205952486	.6851070333966465	1.0408040804457426	1.0017839455521687	1.68735189528459	.8009867901370954	2.373197581470175	.537021673788865	2.0831600066372613	1.688739287308603	1.1287575835434789	3.5863838707862903	1.3040022457243423	1.0275165881383281	0	1.552663055620121	1.5594843009034742	.12980451043574728	.8499984221412494	1.4863684026490585	.9497375768009995	.9657227021081352	.28489091025060104	2.2509023492045563	2.1201931990396417	0	0	1.1708635327937655	1.1233360030638566
2.4327693846175595	2.81858454785281	2.4106209116649047	.8000023565152257	2.58108856383992	3.807538803759035	0	.17024669608947252	1.8023462407819004	1.739102138154442	.6173510123444668	2.1414995126546734	1.8231152710418512	.36442958794154157	2.007525954843378	.7531544260591585	0	2.1487513066369193	1.4254042930677822	1.1819023545260703	0	2.0891247507308206	1.993598460144829	.3850064080783874	0	.14325892480325816	2.5106795023566604	3.109766015167044	.9112189975560853	2.582513160404502	1.0926740207456784	0	2.2563448335744725	2.1823364715866598	.2517686798756519	1.9306833033100745	.8226891253480214	0	1.4254820090192926	1.1421311703638102	1.9803978793931252	1.2577456732154821	.8254256259363161	0	0	0
.9707124213786047	0	0	.13141037640276457	0	.9604261323380616	.20585638514504997	0	1.0974361880892136	.5756354828444085	2.4448278653596605	1.048453875385196	1.5948706620997872	1.9899543267839033	0	.29853810205952486	2.1487513066369193	0	.788772469698141	.38719142087639297	.5421848299942921	.6703568933604596	0	1.6303529086437318	.9565143527950433	1.2087555220993833	1.8435378377955336	2.853029330089374	1.1861738088328575	2.0369459461990176	0	.8038584872302531	2.5396288014071327	2.095126156725579	0	2.9221967809302676	.7325438524904505	.8524408379205002	1.1982960909688436	0	.712529740757386	.31464538706943906	.9393705355344221	0	1.6995229168932766	.07079073654121117
3.6027709427913863	4.1272948630377035	2.998303779965212	.8828114221278166	3.0176933506878445	3.7092267054302237	3.209563111799686	1.4765724275033383	3.335558257617491	2.1965051618842857	2.4064585776699516	3.9709806743901326	2.055029216536274	.08174422530337666	4.056718656926516	.6851070333966465	1.4254042930677822	.788772469698141	0	1.6984811521053276	1.9527119073578203	.94129063791734	1.2968334797074896	2.203030653259106	2.184772970321135	.31771145720009875	1.155944911566928	1.743012992389627	3.38634066151721	1.3049270354552456	1.8505264990976535	.9801133956903498	1.2473062359025568	.8801986292867499	2.093930072484821	.9316095606392318	1.1949108293831219	2.878420494165047	0	0	1.8848800714442537	.7982479491417717	.08314162220084254	.1471414220211802	3.4219029918352697	.28975701135378495
2.3715325326517362	1.1143221420158753	2.838292069756259	0	2.6481588835686263	0	1.5441068766301569	.7320954778053789	3.1528353979210553	.5321826307495189	1.4952370181747834	1.722502132046531	0	1.358405378889098	1.2355048875119072	1.0408040804457426	1.1819023545260703	.38719142087639297	1.6984811521053276	0	0	1.2221135784535067	.5217970748692282	0	1.2456288301409426	0	0	.7004386957520479	1.2176419167321157	1.6226193592384486	1.3748148625314247	3.032964597051331	.12839868081962266	0	1.6929582479753222	0	0	0	0	1.604373335582641	1.2513165012848033	2.390211653044427	0	.9849378133516314	0	0
2.098368932510279	1.6355099400328976	.9191390637901312	1.7190476987782481	1.459869192324855	2.10588054731377	1.9985760413635099	0	2.424820313591359	2.12789368163323	0	1.6239260408192089	2.3644857674390867	.08425220034407686	1.5477805890100502	1.0017839455521687	0	.5421848299942921	1.9527119073578203	0	0	1.4332502751956826	2.8605589314177022	0	0	.1956367848404456	.35469485440853743	2.659469389038097	.18015081559144985	3.019130302723493	1.9287880876635735	0	2.641933011113072	1.5717519738251058	1.3271966433495634	2.654703467330691	1.4466067718073934	0	1.3631989061724727	2.137560123515838	2.030579458116176	1.5367555334091871	2.728622442079999	0	0	.08911374301644887
2.2032615142508094	2.0542503491176953	1.7627260735809167	.0674950751712477	1.5105689006190468	1.1706696233034537	.4476369670076408	1.070953028475701	1.8059378664000423	.7947493957972739	1.894802810274319	.08950512798442155	0	1.6971009493791969	2.285799519830695	1.68735189528459	2.0891247507308206	.6703568933604596	.94129063791734	1.2221135784535067	1.4332502751956826	0	2.0031264622371996	1.6016799482983222	1.6207490823677642	1.6743591900149524	1.119307433174654	1.0475843242794705	1.5197046897607136	1.3186748990115722	.9529736695826381	.9476313563460306	.5393819139397991	.8468868870543763	1.8879062336798125	.7463002388737409	.9748234705586784	.9188423226713455	.7217960714259584	.4778403122712823	.9877838018036933	1.4498166015233427	0	0	2.38706331546757	.5876767460508152
0	0	.3651058326695356	0	0	.7797379812192459	1.762452698836982	1.71288301453866	0	.682606594594564	1.8176947932474732	1.1317258840866664	1.981298029879209	2.0571690191616407	.40916914102771346	.8009867901370954	1.993598460144829	0	1.2968334797074896	.5217970748692282	2.8605589314177022	2.0031264622371996	0	0	1.5726316229191937	1.4027408460716304	1.6716524163161401	4.146410109942419	1.7077040482153092	.49330912101097546	2.4175707770288857	2.151249050302439	2.052312242558495	1.6226597262145184	1.554982167528705	2.3585043703212394	.3415672540738972	2.7550634653337287	1.8267048677623285	.4945031877025998	2.9216401344504934	1.5561633085924929	.0807823893171823	0	2.25398085394045	.5161939951316658
.9779692323644527	0	1.1573335472804862	0	0	.7438493541312756	.496498942618767	1.3592392010287355	1.1505558428516962	0	2.5643634266959454	1.5972354048364925	1.2564984017372176	1.41212568792646	.07554465865955874	2.373197581470175	.3850064080783874	1.6303529086437318	2.203030653259106	0	0	1.6016799482983222	0	0	1.9914737648342797	.2199792530249257	0	1.609957452589939	0	2.192628051641105	1.0715152683481972	2.1086780390077795	.9022610758694494	0	2.4123833224328806	0	0	0	0	0	2.493075705670446	1.7010304700862908	0	0	0	0
1.4413262070896609	2.4394470758774642	.38456639033153156	1.4791372552549709	1.6204720122359937	2.499632684616279	0	0	2.2857258394490136	1.8922703100800469	0	2.4822743995364034	1.1664240862717117	.8947901369327496	.04776839998772748	.537021673788865	0	.9565143527950433	2.184772970321135	1.2456288301409426	0	1.6207490823677642	1.5726316229191937	1.9914737648342797	0	.09439054224163257	.5664319938621166	2.655901200971438	1.3397540680464455	2.9916068025578224	2.709917202943759	0	2.3771940056329215	1.3536835746647118	1.5896388236880163	2.0030723659040945	.04351619068426442	1.0963604812140904	2.0135500713616463	1.4732717490160299	1.9646484898652246	1.478828968686323	.7193272878117847	0	1.4626117240935195	0
2.152842180867624	.620313471962852	0	.1402529930195352	1.3400526515357558	.8009411472700045	0	0	1.1954326899701189	.9270888555106023	0	1.96205608783875	1.3475088115054519	3.36039334053084	.9527212254467594	2.0831600066372613	.14325892480325816	1.2087555220993833	.31771145720009875	0	.1956367848404456	1.6743591900149524	1.4027408460716304	.2199792530249257	.09439054224163257	0	.4149883033838858	2.931988164417384	1.9498554438420843	2.7944285988570807	.7168455973679656	3.7979455102080073	1.4303672578396318	1.2111740277199015	0	1.3148795673350513	0	0	1.6162683410980787	.2677609487908017	2.1011627316600743	2.4412045462666017	1.1827621749976986	0	.09506419745972189	0
.9314180728157102	0	2.4564575103937365	1.342075133174376	.1470244891809737	1.5550534632866433	2.4542391006072934	2.525517875274636	1.4342874230203106	.9540962373238862	3.2083997719896713	.9694815582096102	1.5257859241364986	3.167933839965247	1.6474536354135245	1.688739287308603	2.5106795023566604	1.8435378377955336	1.155944911566928	0	.35469485440853743	1.119307433174654	1.6716524163161401	0	.5664319938621166	.4149883033838858	0	0	1.6052627393606573	0	1.3157308202249294	1.7541011256537833	1.3123182663317838	.2613440390258465	.8069499280648746	.4793114214366322	0	0	0	0	0	1.3952341490441862	0	0	0	0
2.4073191879698967	2.078310184653591	2.8822509139683303	3.456660669854464	2.179227509562485	1.9547286031173117	2.634268318112048	2.573521317488435	1.6446037007459302	2.8590132662569894	3.2692137100725747	2.672530675007863	2.132273070644419	2.7997757676479953	3.273864699566546	1.1287575835434789	3.109766015167044	2.853029330089374	1.743012992389627	.7004386957520479	2.659469389038097	1.0475843242794705	4.146410109942419	1.609957452589939	2.655901200971438	2.931988164417384	0	0	2.74923631237079	1.5445465056473373	1.8505614477376378	1.5270893959126917	.23216440222686494	0	1.6890441129662357	0	.7707855849959306	2.9070805198884235	0	1.233401187098119	.7985651556095702	.9825568414453127	0	0	2.2614740850532424	.6888136270460157
3.063609778825144	2.675462649831994	1.2442383465145976	1.2471989566490471	2.237573039988173	2.1515885756710946	2.167530770809057	.4899581927505665	1.599663286095594	3.138166009670392	1.8863385006416753	3.5239651823683786	3.0375995826955453	2.2632490674330272	1.1177676956316478	3.5863838707862903	.9112189975560853	1.1861738088328575	3.38634066151721	1.2176419167321157	.18015081559144985	1.5197046897607136	1.7077040482153092	0	1.3397540680464455	1.9498554438420843	1.6052627393606573	2.74923631237079	0	3.2922367834246584	2.5288857503678694	2.090294972955846	3.5509801774893393	3.3654937977555077	2.4730188208147226	3.575535651350591	.7708242787494859	1.99185977049958	2.4200800057592646	2.4366497130699214	2.4584232704861635	1.8613892050482925	1.8439725466939605	.16028609049903364	0	0
1.838558924229589	1.7962864364458766	1.6231739854543783	1.8481141757646136	2.157754041780622	1.5691242469262814	2.1819089369892346	2.8098000524804383	.4936636708078233	1.9943791373550568	3.0852227530862257	3.582210757123406	1.9909051157027822	1.9404474640037892	3.356083577602492	1.3040022457243423	2.582513160404502	2.0369459461990176	1.3049270354552456	1.6226193592384486	3.019130302723493	1.3186748990115722	.49330912101097546	2.192628051641105	2.9916068025578224	2.7944285988570807	0	1.5445465056473373	3.2922367834246584	0	1.923593154298667	1.7179429088234472	1.3184480024543905	.5161605489767543	.7708834298196322	.2546274689969955	1.0675894112869069	3.708105261175872	0	.5927239300020759	1.620214435672843	1.5464723542605068	.7074505185881382	0	1.294021929581325	.3524281352259136
3.880733183391239	2.430565084538309	1.5046579363247659	.5897362097776008	2.7636650060778285	3.7682837593731877	1.7937890650571233	1.1767470433666343	1.6361086368806617	1.508618416395495	2.79554133521223	1.2222814360828391	1.3810355379215258	.397420494528492	3.3414072405967543	1.0275165881383281	1.0926740207456784	0	1.8505264990976535	1.3748148625314247	1.9287880876635735	.9529736695826381	2.4175707770288857	1.0715152683481972	2.709917202943759	.7168455973679656	1.3157308202249294	1.8505614477376378	2.5288857503678694	1.923593154298667	0	0	1.51825567384827	.9221622648570156	.9178407093114261	1.2214773699599801	1.437007626533727	1.7897252621351392	1.3766205786055294	.4145562933890311	2.3564397106827237	1.399804641248024	.14782701134570778	0	2.4469841339989626	1.416584534536049
1.6188183885189251	1.8775126947856402	3.3002937549421842	1.5317685705666961	2.6424324770168983	1.0446210503516111	2.541334558996309	1.3166961293242847	1.0757896074964963	0	3.4387872425970194	1.143391104110886	1.1344738009422597	2.0631664524072657	.8566062329657754	0	0	.8038584872302531	.9801133956903498	3.032964597051331	0	.9476313563460306	2.151249050302439	2.1086780390077795	0	3.7979455102080073	1.7541011256537833	1.5270893959126917	2.090294972955846	1.7179429088234472	0	0	2.3198489988727573	1.6222486896701855	1.4456491812083054	.9928197024934259	1.615287787367077	1.3005188262686331	1.1797623092187408	0	0	0	.40204311013443117	0	1.5827969051963753	.5703228688362457
1.2532396881016048	0	3.1743495027629285	1.5776184398167878	1.6174502850679962	0	1.9370114773494431	2.674896610064931	2.0689845672793004	2.547501975800477	2.2378883993454695	.6282423416288938	.8827367580488867	2.078451699877076	2.326773690368961	1.552663055620121	2.2563448335744725	2.5396288014071327	1.2473062359025568	.12839868081962266	2.641933011113072	.5393819139397991	2.052312242558495	.9022610758694494	2.3771940056329215	1.4303672578396318	1.3123182663317838	.23216440222686494	3.5509801774893393	1.3184480024543905	1.51825567384827	2.3198489988727573	0	.41887742266676214	.9416569395252914	1.0155713090266312	.8548673246851476	1.6241487913469503	0	.93386676239869	.6558958322225042	1.5036085106703534	0	0	1.2722646669526354	.2679812640149855
1.0803070819907419	0	3.4201170350664407	1.1342194289088923	0	0	1.5033937428948572	2.9198875256586128	2.0428509618447737	2.1214263324962763	2.1854911811132363	.17446271896641272	.8014724981742146	3.6598291513317793	.8803161372872214	1.5594843009034742	2.1823364715866598	2.095126156725579	.8801986292867499	0	1.5717519738251058	.8468868870543763	1.6226597262145184	0	1.3536835746647118	1.2111740277199015	.2613440390258465	0	3.3654937977555077	.5161605489767543	.9221622648570156	1.6222486896701855	.41887742266676214	0	.8993228073415437	0	0	0	0	0	0	1.218127385725813	0	0	0	0
3.058736979489719	3.2371951840595754	2.6945243869192956	0	2.811671825215694	2.664692612783816	1.661414938997113	.10401101103759194	2.7090100398422927	.469505985460356	.5202831137323588	2.282060885632473	1.8447556449498852	0	1.8060750468635656	.12980451043574728	.2517686798756519	0	2.093930072484821	1.6929582479753222	1.3271966433495634	1.8879062336798125	1.554982167528705	2.4123833224328806	1.5896388236880163	0	.8069499280648746	1.6890441129662357	2.4730188208147226	.7708834298196322	.9178407093114261	1.4456491812083054	.9416569395252914	.8993228073415437	0	.8314581060908428	1.0551473829791678	.9538510904476535	1.9989506990673176	.030589733444463026	1.3859786974200305	.394499023965318	1.4482517016481293	.5008951296737709	2.578462373698173	0
.39204917386199367	0	2.6326475152190314	2.0902677522456803	.32408268837275006	0	1.70483341451045	2.3610795751042786	2.0878159512738117	2.097284106189442	2.4665123384628815	0	0	1.748568090816637	2.2258066325170356	.8499984221412494	1.9306833033100745	2.9221967809302676	.9316095606392318	0	2.654703467330691	.7463002388737409	2.3585043703212394	0	2.0030723659040945	1.3148795673350513	.4793114214366322	0	3.575535651350591	.2546274689969955	1.2214773699599801	.9928197024934259	1.0155713090266312	0	.8314581060908428	0	0	2.5624171985268855	0	0	.32053519912294887	.6244670480809963	0	0	.5795436519776577	.9235832924459337
.9665003090781236	0	0	.9092105129768344	.29323425711887546	0	0	0	1.0541076875468232	1.2536114608423778	.7155713699721462	.8509532158117583	.2944105808192038	0	.5758348600722927	1.4863684026490585	.8226891253480214	.7325438524904505	1.1949108293831219	0	1.4466067718073934	.9748234705586784	.3415672540738972	0	.04351619068426442	0	0	.7707855849959306	.7708242787494859	1.0675894112869069	1.437007626533727	1.615287787367077	.8548673246851476	0	1.0551473829791678	0	0	.79264967983144	0	.8575638960946032	1.3534021143177166	1.232666557591534	1.0902208479589552	0	0	0
1.4824512611200251	0	2.6976648697846968	2.163959130031337	.6589587984065524	.9558621719348077	1.5687410593031728	0	1.2923175188812748	2.3746006095349212	.011959036928203375	2.318872920915628	0	.9240340530109783	1.2682948124817381	.9497375768009995	0	.8524408379205002	2.878420494165047	0	0	.9188423226713455	2.7550634653337287	0	1.0963604812140904	0	0	2.9070805198884235	1.99185977049958	3.708105261175872	1.7897252621351392	1.3005188262686331	1.6241487913469503	0	.9538510904476535	2.5624171985268855	.79264967983144	0	2.0307712125807336	2.3231365649004396	1.295702714104302	.7480191876564583	2.5823531770320356	0	0	0
3.6200173858830573	0	1.9976879548701778	2.041256851468535	1.925818076920018	1.7788542336966273	1.6032815248575936	1.9675223356625653	0	1.3481394926844512	2.567445976529368	.46818187693817104	.09231904743583502	1.8496012931651487	3.3613289551048724	.9657227021081352	1.4254820090192926	1.1982960909688436	0	0	1.3631989061724727	.7217960714259584	1.8267048677623285	0	2.0135500713616463	1.6162683410980787	0	0	2.4200800057592646	0	1.3766205786055294	1.1797623092187408	0	0	1.9989506990673176	0	0	2.0307712125807336	0	0	1.0317819166458015	1.187274831305415	0	0	0	.08764141970817657
2.645798097625597	2.4204807664169476	2.054596205469141	0	2.371940855573101	2.254253776876562	1.4910005536253823	.9202461838139416	.10367079019085461	.1568578097349344	2.091312695924773	1.5027535479762937	1.2970007424038226	.24578438507624695	2.1550393605065774	.28489091025060104	1.1421311703638102	0	0	1.604373335582641	2.137560123515838	.4778403122712823	.4945031877025998	0	1.4732717490160299	.2677609487908017	0	1.233401187098119	2.4366497130699214	.5927239300020759	.4145562933890311	0	.93386676239869	0	.030589733444463026	0	.8575638960946032	2.3231365649004396	0	0	.9591890068525251	1.170969067107681	0	0	.980150601171567	0
3.1988944310482887	3.085317317687721	1.7897819173628935	.7770118184667587	2.4144272089875205	3.2293354623926946	1.6316725978962354	1.0785831434287414	2.246768090380014	.1935448735360283	2.115382732048374	2.6952256307518194	.2062426442158901	2.2735466621711105	2.7971720943874607	2.2509023492045563	1.9803978793931252	.712529740757386	1.8848800714442537	1.2513165012848033	2.030579458116176	.9877838018036933	2.9216401344504934	2.493075705670446	1.9646484898652246	2.1011627316600743	0	.7985651556095702	2.4584232704861635	1.620214435672843	2.3564397106827237	0	.6558958322225042	0	1.3859786974200305	.32053519912294887	1.3534021143177166	1.295702714104302	1.0317819166458015	.9591890068525251	0	1.0471878028909014	0	0	1.851609356564802	.678297544478243
3.168168351925894	3.115130756837772	3.1412493507649786	1.106716879489525	3.3403107568087833	3.322395971136762	1.3834483979321226	1.4369555289538845	1.2394783386155017	1.2202831936241025	1.951685774956106	1.1788163411605186	1.0261993902786914	1.9536549915449788	3.0895447797836066	2.1201931990396417	1.2577456732154821	.31464538706943906	.7982479491417717	2.390211653044427	1.5367555334091871	1.4498166015233427	1.5561633085924929	1.7010304700862908	1.478828968686323	2.4412045462666017	1.3952341490441862	.9825568414453127	1.8613892050482925	1.5464723542605068	1.399804641248024	0	1.5036085106703534	1.218127385725813	.394499023965318	.6244670480809963	1.232666557591534	.7480191876564583	1.187274831305415	1.170969067107681	1.0471878028909014	0	0	0	1.4993653750840483	1.2331627377209369
1.1664916240975072	0	1.909621873385277	2.068721736714433	1.112603998943999	.32952023750874687	2.082137314455792	1.5353091123103095	.5598662526091792	0	1.3290285101986454	.3421824950902886	0	1.2389344762948886	.9945437926947095	0	.8254256259363161	.9393705355344221	.08314162220084254	0	2.728622442079999	0	.0807823893171823	0	.7193272878117847	1.1827621749976986	0	0	1.8439725466939605	.7074505185881382	.14782701134570778	.40204311013443117	0	0	1.4482517016481293	0	1.0902208479589552	2.5823531770320356	0	0	0	0	0	0	.08638287017386603	.263980987722184
.9849378133516316	.9793609627716722	0	0	0	0	0	0	.7288276174643015	.026550334224120037	0	.8768902876921496	.3639934856239382	0	0	0	0	0	.1471414220211802	.9849378133516314	0	0	0	0	0	0	0	0	.16028609049903364	0	0	0	0	0	.5008951296737709	0	0	0	0	0	0	0	0	0	0	0
1.2281405105277543	0	0	1.7935344344171338	1.2906451956814102	0	0	0	1.3276763996309358	1.5970010545962283	0	1.7197910570818433	2.4945193683766047	0	0	1.1708635327937655	0	1.6995229168932766	3.4219029918352697	0	0	2.38706331546757	2.25398085394045	0	1.4626117240935195	.09506419745972189	0	2.2614740850532424	0	1.294021929581325	2.4469841339989626	1.5827969051963753	1.2722646669526354	0	2.578462373698173	.5795436519776577	0	0	0	.980150601171567	1.851609356564802	1.4993653750840483	.08638287017386603	0	0	0
.668969585641822	0	0	.5300935758536995	0	.3464197072688997	0	0	.09608063639967838	.5879098746423345	0	.7351099688984717	1.04523353657679	0	0	1.1233360030638566	0	.07079073654121117	.28975701135378495	0	.08911374301644887	.5876767460508152	.5161939951316658	0	0	0	0	.6888136270460157	0	.3524281352259136	1.416584534536049	.5703228688362457	.2679812640149855	0	0	.9235832924459337	0	0	.08764141970817657	0	.678297544478243	1.2331627377209369	.263980987722184	0	0	0
