0	82.05184602976937	0	0	0	5.606838519886859	0	10.119546642054043	0	106.1266442007689	82.75021803150612	43.01328459961746	0	0	0	27.355720544932964	69.52679190255006	12.708540163640327	0	60.728962571439034	72.15315163246544	0	49.097784261500706	55.670664524794255	8.252098583313686	0	39.37474428141503	26.488827241859724	46.365041812089025	53.96610545912005	0	62.12239527799188	20.27286953790584	63.09136056055661	0	0	0	97.90141103967414	0	51.00667014882714	0	107.25956816468529	95.64477726743478	15.659101755577911	127.07247192649561	0
82.05184602976937	0	0	23.874885631443007	0	0	0	0	56.55994352197735	50.86521105454793	62.822268624665085	0	0	63.127983011238754	46.03716820073812	0	0	0	3.9502187162004176	69.76740901994435	0	50.38769311120189	0	0	0	0	0	37.536754020216904	0	0	0	3.7970089600067394	22.9274860300594	54.03951463575817	0	13.611820295222051	0	0	34.19536239628076	10.279503972329044	0	93.24446902772605	51.840665813818944	0	0	0
0	0	0	26.458734977951668	0	24.345507623868244	0	0	7.574244099942425	88.69796153933312	26.552789740592186	21.164845728653777	0	0	0	0	0	0	0	42.373124598424866	42.27165685242044	11.128352754653966	0	38.19006327671368	43.67302252832533	0	44.52932474680561	12.15138170632467	45.52547053780923	0	0	0	29.647948481357936	65.1450693173419	0	0	0	54.94899355726728	0	90.95968674309513	0	78.55986547850372	47.90457858377447	0	33.68929627391182	48.50579327917118
0	23.874885631443007	26.458734977951668	0	0	46.411144339534964	58.17663251812905	0	0	89.87202792171445	0	0	14.778170923827917	0	0	0	2.5428649359110786	6.469563030434643	0	1.7019067385606628	20.032521015904436	0	5.586995675972757	65.43496384847096	52.86914834669012	0	0	0	0	0	64.87715248887062	42.365197780253354	0	49.93443350845475	0	36.332372256868275	0	43.10076788703079	.27829863539537697	0	20.59823349337318	26.457918043457656	66.13442929138476	0	55.8427604396619	14.395947996387262
0	0	0	0	0	0	0	0	0	0	64.63543307353618	0	16.07040031994094	0	45.75182598212149	1.5686975560954868	0	0	45.12310239714426	11.113798586796513	9.277879101041844	7.7827524965783486	0	0	0	10.315112071976863	0	41.267994897370556	37.43355643638901	0	34.423935356617925	0	0	53.82254055250386	6.627018379227484	32.769787630745896	37.17378613157383	14.700048630124373	0	18.996255124650137	0	20.330855734772683	84.02225003352751	13.510832440041753	0	11.42693939245211
5.606838519886859	0	24.345507623868244	46.411144339534964	0	0	0	0	20.883560403047213	93.66919104822847	61.72421500434822	40.161925446966904	0	0	29.564245332467266	0	0	0	0	23.531802313945224	62.73608641529871	0	0	43.78146039218733	0	0	0	24.070944391828604	6.738579161331421	0	0	0	0	58.27203061607836	0	0	3.481134823948304	75.49359855680049	0	8.784387199436809	3.4105807713904404	74.426677662188	3.237538057095813	0	44.180588029031284	36.73518361626664
0	0	0	58.17663251812905	0	0	0	0	45.29209214305781	18.83200856360931	84.14101001511256	64.9019549744432	39.43908183596798	49.39982320177663	58.81312020529798	0	0	0	31.16099871755979	38.743444294026794	47.932162030577494	32.38270657357012	29.46714464415794	10.14639237573182	0	32.33483725710927	0	61.64781354752563	26.781028703431097	0	33.707879897914154	31.08582940545116	21.57409475877997	59.44966034975773	0	68.4077172889183	0	1.9094593821153856	56.82078986979824	8.947920250571785	0	58.494409065184904	82.52802463385665	58.72159612965992	0	0
10.119546642054043	0	0	0	0	0	0	0	61.545608829899116	52.96254353742096	NaN	68.00396307722879	0	0	54.189325306027975	0	0	0	7.482472370517003	23.523694666979907	64.86258385313509	49.98634743450093	0	48.27243136977947	0	0	70.07515737485737	0	40.315814771287414	0	0	0	39.30435609808414	63.52319317609359	0	17.12348656906813	6.629863716674206	56.80438267017287	8.004870045388271	54.64443250182839	14.178053744595223	62.29098069086103	91.99072320484733	0	66.86240058234134	44.33506451967312
0	56.55994352197735	7.574244099942425	0	0	20.883560403047213	45.29209214305781	61.545608829899116	0	42.17220519483311	0	0	0	75.74410237871278	0	0	23.123715668122355	40.93046543272536	50.273801600477086	12.676245281206933	0	0	0	43.6362675421523	71.7323765882833	0	0	0	0	NaN	76.39210441815081	42.86314371160554	0	0	35.74197434900088	3.854998102304557	0	6.645564161886101	0	48.328708641232474	0	60.2743909224654	0	38.60657053337283	17.228123078145092	0
106.1266442007689	50.86521105454793	88.69796153933312	89.87202792171445	0	93.66919104822847	18.83200856360931	52.96254353742096	42.17220519483311	0	71.1478962838228	0	7.853188792221248	110.34307281986126	68.73228341659372	102.02567942384744	0	0	39.56204631306014	0	94.36404785122679	108.80853143786483	102.87556767677954	100.63253477017682	98.11377929441443	96.14124420518635	0	90.32037772730777	0	0	66.45501359396883	56.59739876941154	30.37346165235737	0	0	76.84714786889437	22.079516420426003	92.99023386284763	0	74.69721290852993	97.30093582480714	101.71922633407966	111.79957319324002	9.276092491045938	0	0
82.75021803150612	62.822268624665085	26.552789740592186	0	64.63543307353618	61.72421500434822	84.14101001511256	NaN	0	71.1478962838228	0	72.34484012007769	54.49184111773571	49.49058624281285	0	0	37.259676104737586	58.62762543284291	42.09507493058089	0	53.97929154030553	0	64.48716898519349	72.92940955108556	86.31253117874557	62.63801933727944	53.66442171062107	0	59.815150288412454	NaN	80.48075973912279	77.20092181979447	18.048030765691916	46.22093432730825	46.58622275958699	66.47644412810925	28.35950996660991	68.15533688976639	49.035544760348536	65.4943096907696	53.9985861689381	52.08864876884512	11.473410338723285	15.15722358645831	67.62431264657103	0
43.01328459961746	0	21.164845728653777	0	0	40.161925446966904	64.9019549744432	68.00396307722879	0	0	72.34484012007769	0	11.906936404158023	0	0	0	8.63590003407367	54.55419029830483	45.43735866914408	0	0	0	61.85255882504676	73.514176807251	59.60473620718284	0	0	0	0	NaN	0	52.41831915494619	0	0	0	74.229916129707	0	36.78886137378296	58.880711720697754	0	81.78465877129118	65.88012968127798	0	93.89734931593982	0	0
0	0	0	14.778170923827917	16.07040031994094	0	39.43908183596798	0	0	7.853188792221248	54.49184111773571	11.906936404158023	0	0	0	0	0	0	0	88.85065243784919	0	18.368520605171465	0	69.16282127505887	0	0	1.6709268178558911	45.88879190391807	0	36.476767843247536	0	0	74.76092373567406	59.903621810656375	.43072523705214155	0	0	72.85578750045434	25.995376049338947	67.51110404204795	26.80965504892604	13.461219290778118	0	0	0	5.968330933163754
0	63.127983011238754	0	0	0	0	49.39982320177663	0	75.74410237871278	110.34307281986126	49.49058624281285	0	0	0	4.622622801498138	60.81232089228151	60.65249429305069	27.72102221118992	56.60132340120297	84.9779327451724	78.98293326029865	65.02419970368624	0	62.21691376672756	64.41621824305005	0	10.374792466329342	0	45.698813512528275	NaN	40.43886034181714	64.30674551972307	0	0	71.29719051892322	56.87843511234803	71.73696879420943	45.24730909804697	0	47.33045074879826	0	102.89838885103619	64.82877881708312	101.35361896029835	98.45175729577797	6.4683364669962815
0	46.03716820073812	0	0	45.75182598212149	29.564245332467266	58.81312020529798	54.189325306027975	0	68.73228341659372	0	0	0	4.622622801498138	0	18.98090468336903	29.616144575310255	32.117132976156	0	21.762831118080342	52.1248779453954	49.64250905349807	0	103.99306396443896	0	11.775545380928293	0	0	42.578650318578084	0	74.38997981085502	5.60998999826367	0	12.864265277231922	50.105060852442016	47.05532152933548	32.274581977668014	75.7997310890322	.11964314095762245	0	14.403186236924759	75.94266314804163	64.22072892043849	14.93149925083895	6.326228202859708	0
27.355720544932964	0	0	0	1.5686975560954868	0	0	0	0	102.02567942384744	0	0	0	60.81232089228151	18.98090468336903	0	0	0	0	24.804979847307944	60.966655610178876	76.41469197807336	0	91.19106121300942	5.033284218623861	0	30.44449083974687	0	0	NaN	34.640833812512916	0	47.59194163803453	0	0	0	18.773437029519805	54.09882793981552	0	44.51880410217065	34.06150959445206	118.35229827707379	129.1417603221164	28.003854488516975	119.3329366226887	0
69.52679190255006	0	0	2.5428649359110786	0	0	0	0	23.123715668122355	0	37.259676104737586	8.63590003407367	0	60.65249429305069	29.616144575310255	0	0	0	0	6.077334267977342	16.683955464145885	4.082810542140059	0	0	0	0	0	74.0420717751012	0	0	0	0	77.16673247687088	57.639003351918845	0	9.370095963920992	0	0	32.30383907195055	40.533298718104774	0	0	6.457460539551166	0	0	28.82023608167237
12.708540163640327	0	0	6.469563030434643	0	0	0	0	40.93046543272536	0	58.62762543284291	54.55419029830483	0	27.72102221118992	32.117132976156	0	0	0	51.725582880898564	26.249837680138153	0	19.71485772630658	0	0	0	29.224735955228773	0	52.11353498995587	42.10802849271097	0	16.374299884567883	6.192210206282628	18.43324142658949	45.14867973805156	0	6.278785891747697	18.356555863383928	21.981512397570338	12.10575116302986	50.04789841357788	18.810369001982743	0	26.358460804685347	0	0	10.981143416547686
0	3.9502187162004176	0	0	45.12310239714426	0	31.16099871755979	7.482472370517003	50.273801600477086	39.56204631306014	42.09507493058089	45.43735866914408	0	56.60132340120297	0	0	0	51.725582880898564	0	0	0	36.32444262065552	0	0	0	0	0	0	80.01170949483871	0	11.883299942718052	0	19.83542319107686	43.71496243431102	0	0	0	38.480528089732644	0	0	0	34.6240036957091	0	0	0	27.11883956286936
60.728962571439034	69.76740901994435	42.373124598424866	1.7019067385606628	11.113798586796513	23.531802313945224	38.743444294026794	23.523694666979907	12.676245281206933	0	0	0	88.85065243784919	84.9779327451724	21.762831118080342	24.804979847307944	6.077334267977342	26.249837680138153	0	0	0	99.97217085767733	37.857491058112274	54.17863543486157	68.72935490151912	19.75274808471125	13.41797083462766	26.50622124100285	0	0	36.16623016941507	67.20523769947253	56.40748227929959	43.57111918590445	0	50.390446363933066	0	26.531353789715514	42.1265046312664	0	70.25089339501602	29.220207309623042	33.66759542864073	0	0	0
72.15315163246544	0	42.27165685242044	20.032521015904436	9.277879101041844	62.73608641529871	47.932162030577494	64.86258385313509	0	94.36404785122679	53.97929154030553	0	0	78.98293326029865	52.1248779453954	60.966655610178876	16.683955464145885	0	0	0	0	41.88800814229837	0	94.91766637141066	37.77061070270572	49.185958046341554	72.5367258755525	24.981649558957933	0	NaN	79.65028704227252	0	0	0	0	0	0	28.585712205437105	10.365616295423974	47.50785671542934	75.96974034094794	75.6878034105494	106.22169254718561	0	124.15559941528913	31.730621601861134
0	50.38769311120189	11.128352754653966	0	7.7827524965783486	0	32.38270657357012	49.98634743450093	0	108.80853143786483	0	0	18.368520605171465	65.02419970368624	49.64250905349807	76.41469197807336	4.082810542140059	19.71485772630658	36.32444262065552	99.97217085767733	41.88800814229837	0	0	63.296293962907875	26.121337924462132	27.49307207003897	29.9174764682187	0	65.03315910963632	NaN	31.11648392675257	25.24260593084887	0	0	0	43.956240198044355	21.582490361763625	42.23206544189307	0	38.89751505143497	20.337542767749827	76.73481861756873	115.36039371503695	0	99.13274649360585	0
49.097784261500706	0	0	5.586995675972757	0	0	29.46714464415794	0	0	102.87556767677954	64.48716898519349	61.85255882504676	0	0	0	0	0	0	0	37.857491058112274	0	0	0	42.62754748260489	0	0	0	29.184062243964078	0	0	56.857938621680816	0	22.40388966307022	60.336216228024114	0	0	.4350724559624043	82.71305767272368	0	26.866398832053218	17.10798851692055	111.40608019886658	0	3.8574801580269384	1.0608840339972236	34.533919082065644
55.670664524794255	0	38.19006327671368	65.43496384847096	0	43.78146039218733	10.14639237573182	48.27243136977947	43.6362675421523	100.63253477017682	72.92940955108556	73.514176807251	69.16282127505887	62.21691376672756	103.99306396443896	91.19106121300942	0	0	0	54.17863543486157	94.91766637141066	63.296293962907875	42.62754748260489	0	65.51666046518439	27.18811738649931	34.32234386748654	4.024793623931655	34.381926729171425	32.50280841657764	84.37416420802211	0	57.54476125729994	14.07931560028807	0	2.532959833897872	17.631922088891102	60.00763469519687	96.30448003476413	86.23299413958054	123.81864385802407	141.38361108515588	118.37062696185757	0	87.54677727203826	9.938831414628988
8.252098583313686	0	43.67302252832533	52.86914834669012	0	0	0	0	71.7323765882833	98.11377929441443	86.31253117874557	59.60473620718284	0	64.41621824305005	0	5.033284218623861	0	0	0	68.72935490151912	37.77061070270572	26.121337924462132	0	65.51666046518439	0	0	15.443738715146829	38.18597348387715	36.906396979647454	0	0	0	41.70748889778267	42.94801860336259	0	11.671754810250421	0	71.12957699655419	0	57.16849678419352	0	95.14420975778303	7.6193813509455435	0	68.30189091850097	21.243252169280062
0	0	0	0	10.315112071976863	0	32.33483725710927	0	0	96.14124420518635	62.63801933727944	0	0	0	11.775545380928293	0	0	29.224735955228773	0	19.75274808471125	49.185958046341554	27.49307207003897	0	27.18811738649931	0	0	24.701360984287867	40.712023487922195	0	0	0	0	22.787453594756528	55.427203464754264	0	0	0	0	0	0	0	80.21027497251595	32.08011017560397	2.182603169984723	66.60165328408998	0
39.37474428141503	0	44.52932474680561	0	0	0	0	70.07515737485737	0	0	53.66442171062107	0	1.6709268178558911	10.374792466329342	0	30.44449083974687	0	0	0	13.41797083462766	72.5367258755525	29.9174764682187	0	34.32234386748654	15.443738715146829	24.701360984287867	0	1.2696322693340318	0	49.92054056315917	48.590787813046504	9.607328469592861	0	0	0	0	0	96.5759656953103	0	0	46.43265974944136	102.42943214333043	85.48423722227307	0	52.68083501145908	0
26.488827241859724	37.536754020216904	12.15138170632467	0	41.267994897370556	24.070944391828604	61.64781354752563	0	0	90.32037772730777	0	0	45.88879190391807	0	0	0	74.0420717751012	52.11353498995587	0	26.50622124100285	24.981649558957933	0	29.184062243964078	4.024793623931655	38.18597348387715	40.712023487922195	1.2696322693340318	0	0	NaN	69.69587995637937	44.99694088715959	0	46.48857594524021	11.615095823804714	68.42847893865408	0	18.83287434534715	48.85842831169456	0	44.163149402948775	28.673895960415372	0	11.318810249703523	18.35007550061008	31.544316597725537
46.365041812089025	0	45.52547053780923	0	37.43355643638901	6.738579161331421	26.781028703431097	40.315814771287414	0	0	59.815150288412454	0	0	45.698813512528275	42.578650318578084	0	0	42.10802849271097	80.01170949483871	0	0	65.03315910963632	0	34.381926729171425	36.906396979647454	0	0	0	0	45.2001048681048	43.34989980918487	2.648410243717366	0	0	0	0	0	29.2027381336782	0	0	55.96477301851996	32.9567715403865	21.253249368647296	26.426154655601202	0	0
53.96610545912005	0	0	0	0	0	0	0	NaN	0	NaN	NaN	36.476767843247536	NaN	0	NaN	0	0	0	0	NaN	NaN	0	32.50280841657764	0	0	49.92054056315917	NaN	45.2001048681048	0	0	0	0	NaN	5.176712762736	0	2.593366715497322	41.03619453150011	0	45.67592426114135	27.68309494963649	49.92054056315918	NaN	0	48.96422779261796	NaN
0	0	0	64.87715248887062	34.423935356617925	0	33.707879897914154	0	76.39210441815081	66.45501359396883	80.48075973912279	0	0	40.43886034181714	74.38997981085502	34.640833812512916	0	16.374299884567883	11.883299942718052	36.16623016941507	79.65028704227252	31.11648392675257	56.857938621680816	84.37416420802211	0	0	48.590787813046504	69.69587995637937	43.34989980918487	0	0	33.31805698424805	68.44192332609614	64.39701606982767	11.954251681150174	0	0	0	9.236493100130408	32.32270689614855	0	57.54789960738688	68.4359955426957	68.14575624305103	36.17523417570221	0
62.12239527799188	3.7970089600067394	0	42.365197780253354	0	0	31.08582940545116	0	42.86314371160554	56.59739876941154	77.20092181979447	52.41831915494619	0	64.30674551972307	5.60998999826367	0	0	6.192210206282628	0	67.20523769947253	0	25.24260593084887	0	0	0	0	9.607328469592861	44.99694088715959	2.648410243717366	0	33.31805698424805	0	0	38.85211530504424	12.78607707177522	76.45148066052175	54.318144647038714	16.390229537205304	0	0	0	73.60770519567482	26.64790503119427	0	19.34320073721386	18.501361986284564
20.27286953790584	22.9274860300594	29.647948481357936	0	0	0	21.57409475877997	39.30435609808414	0	30.37346165235737	18.048030765691916	0	74.76092373567406	0	0	47.59194163803453	77.16673247687088	18.43324142658949	19.83542319107686	56.40748227929959	0	0	22.40388966307022	57.54476125729994	41.70748889778267	22.787453594756528	0	0	0	0	68.44192332609614	0	0	20.602501207959712	0	53.873839981607084	0	34.57184471121898	41.273437688702735	0	49.91248335795002	0	59.07724146495407	0	0	18.42644309416555
63.09136056055661	54.03951463575817	65.1450693173419	49.93443350845475	53.82254055250386	58.27203061607836	59.44966034975773	63.52319317609359	0	0	46.22093432730825	0	59.903621810656375	0	12.864265277231922	0	57.639003351918845	45.14867973805156	43.71496243431102	43.57111918590445	0	0	60.336216228024114	14.07931560028807	42.94801860336259	55.427203464754264	0	46.48857594524021	0	NaN	64.39701606982767	38.85211530504424	20.602501207959712	0	0	35.27126137377751	0	55.60613798952571	51.36486014726173	55.70410528666495	66.87106894786186	51.39765983453147	0	17.55937693817482	0	27.2837690137548
0	0	0	0	6.627018379227484	0	0	0	35.74197434900088	0	46.58622275958699	0	.43072523705214155	71.29719051892322	50.105060852442016	0	0	0	0	0	0	0	0	0	0	0	0	11.615095823804714	0	5.176712762736	11.954251681150174	12.78607707177522	0	0	0	11.531144593944239	0	53.05162505189337	0	72.61188287111459	0	20.784921552923368	67.42314990422796	3.1028827591137054	0	0
0	13.611820295222051	0	36.332372256868275	32.769787630745896	0	68.4077172889183	17.12348656906813	3.854998102304557	76.84714786889437	66.47644412810925	74.229916129707	0	56.87843511234803	47.05532152933548	0	9.370095963920992	6.278785891747697	0	50.390446363933066	0	43.956240198044355	0	2.532959833897872	11.671754810250421	0	0	68.42847893865408	0	0	0	76.45148066052175	53.873839981607084	35.27126137377751	11.531144593944239	0	4.771912666875112	0	0	46.13798857437671	0	0	0	47.765265025970166	0	42.88547930162621
0	0	0	0	37.17378613157383	3.481134823948304	0	6.629863716674206	0	22.079516420426003	28.35950996660991	0	0	71.73696879420943	32.274581977668014	18.773437029519805	0	18.356555863383928	0	0	0	21.582490361763625	.4350724559624043	17.631922088891102	0	0	0	0	0	2.593366715497322	0	54.318144647038714	0	0	0	4.771912666875112	0	53.44850118416875	0	52.229376697978886	0	55.81195213550879	47.55021274642825	17.33508215476317	0	0
97.90141103967414	0	54.94899355726728	43.10076788703079	14.700048630124373	75.49359855680049	1.9094593821153856	56.80438267017287	6.645564161886101	92.99023386284763	68.15533688976639	36.78886137378296	72.85578750045434	45.24730909804697	75.7997310890322	54.09882793981552	0	21.981512397570338	38.480528089732644	26.531353789715514	28.585712205437105	42.23206544189307	82.71305767272368	60.00763469519687	71.12957699655419	0	96.5759656953103	18.83287434534715	29.2027381336782	41.03619453150011	0	16.390229537205304	34.57184471121898	55.60613798952571	53.05162505189337	0	53.44850118416875	0	81.69942902112047	16.07479401001992	90.28654864801926	92.21565192669868	48.994196381645516	55.0781911748413	91.13532223911325	29.445618635522365
0	34.19536239628076	0	.27829863539537697	0	0	56.82078986979824	8.004870045388271	0	0	49.035544760348536	58.880711720697754	25.995376049338947	0	.11964314095762245	0	32.30383907195055	12.10575116302986	0	42.1265046312664	10.365616295423974	0	0	96.30448003476413	0	0	0	48.85842831169456	0	0	9.236493100130408	0	41.273437688702735	51.36486014726173	0	0	0	81.69942902112047	0	0	0	62.05978470676553	50.52729502820563	0	0	0
51.00667014882714	10.279503972329044	90.95968674309513	0	18.996255124650137	8.784387199436809	8.947920250571785	54.64443250182839	48.328708641232474	74.69721290852993	65.4943096907696	0	67.51110404204795	47.33045074879826	0	44.51880410217065	40.533298718104774	50.04789841357788	0	0	47.50785671542934	38.89751505143497	26.866398832053218	86.23299413958054	57.16849678419352	0	0	0	0	45.67592426114135	32.32270689614855	0	0	55.70410528666495	72.61188287111459	46.13798857437671	52.229376697978886	16.07479401001992	0	0	50.48193536784021	43.58472950586239	0	82.2013878177	73.69145666161623	0
0	0	0	20.59823349337318	0	3.4105807713904404	0	14.178053744595223	0	97.30093582480714	53.9985861689381	81.78465877129118	26.80965504892604	0	14.403186236924759	34.06150959445206	0	18.810369001982743	0	70.25089339501602	75.96974034094794	20.337542767749827	17.10798851692055	123.81864385802407	0	0	46.43265974944136	44.163149402948775	55.96477301851996	27.68309494963649	0	0	49.91248335795002	66.87106894786186	0	0	0	90.28654864801926	0	50.48193536784021	0	94.30542728349022	75.73741987840128	45.85718644522739	102.6013794060087	0
107.25956816468529	93.24446902772605	78.55986547850372	26.457918043457656	20.330855734772683	74.426677662188	58.494409065184904	62.29098069086103	60.2743909224654	101.71922633407966	52.08864876884512	65.88012968127798	13.461219290778118	102.89838885103619	75.94266314804163	118.35229827707379	0	0	34.6240036957091	29.220207309623042	75.6878034105494	76.73481861756873	111.40608019886658	141.38361108515588	95.14420975778303	80.21027497251595	102.42943214333043	28.673895960415372	32.9567715403865	49.92054056315918	57.54789960738688	73.60770519567482	0	51.39765983453147	20.784921552923368	0	55.81195213550879	92.21565192669868	62.05978470676553	43.58472950586239	94.30542728349022	0	131.2547867810641	22.775499188297363	131.0843757310469	29.70698463544458
95.64477726743478	51.840665813818944	47.90457858377447	66.13442929138476	84.02225003352751	3.237538057095813	82.52802463385665	91.99072320484733	0	111.79957319324002	11.473410338723285	0	0	64.82877881708312	64.22072892043849	129.1417603221164	6.457460539551166	26.358460804685347	0	33.66759542864073	106.22169254718561	115.36039371503695	0	118.37062696185757	7.6193813509455435	32.08011017560397	85.48423722227307	0	21.253249368647296	NaN	68.4359955426957	26.64790503119427	59.07724146495407	0	67.42314990422796	0	47.55021274642825	48.994196381645516	50.52729502820563	0	75.73741987840128	131.2547867810641	0	110.45489995243919	118.9849455437508	0
15.659101755577911	0	0	0	13.510832440041753	0	58.72159612965992	0	38.60657053337283	9.276092491045938	15.15722358645831	93.89734931593982	0	101.35361896029835	14.93149925083895	28.003854488516975	0	0	0	0	0	0	3.8574801580269384	0	0	2.182603169984723	0	11.318810249703523	26.426154655601202	0	68.14575624305103	0	0	17.55937693817482	3.1028827591137054	47.765265025970166	17.33508215476317	55.0781911748413	0	82.2013878177	45.85718644522739	22.775499188297363	110.45489995243919	0	0	11.915996095758366
127.07247192649561	0	33.68929627391182	55.8427604396619	0	44.180588029031284	0	66.86240058234134	17.228123078145092	0	67.62431264657103	0	0	98.45175729577797	6.326228202859708	119.3329366226887	0	0	0	0	124.15559941528913	99.13274649360585	1.0608840339972236	87.54677727203826	68.30189091850097	66.60165328408998	52.68083501145908	18.35007550061008	0	48.96422779261796	36.17523417570221	19.34320073721386	0	0	0	0	0	91.13532223911325	0	73.69145666161623	102.6013794060087	131.0843757310469	118.9849455437508	0	0	0
0	0	48.50579327917118	14.395947996387262	11.42693939245211	36.73518361626664	0	44.33506451967312	0	0	0	0	5.968330933163754	6.4683364669962815	0	0	28.82023608167237	10.981143416547686	27.11883956286936	0	31.730621601861134	0	34.533919082065644	9.938831414628988	21.243252169280062	0	0	31.544316597725537	0	NaN	0	18.501361986284564	18.42644309416555	27.2837690137548	0	42.88547930162621	0	29.445618635522365	0	0	0	29.70698463544458	0	11.915996095758366	0	0
