0	0	24.932984508381974	21.845882678925648	57.33179224850769	0	38.41170531176058	0	40.73806817975594	0	0	0	14.944040558089805	46.78571389204547	28.81132207655264	0	0	0	45.68287024125288	0	0	6.436001877277992	0	0	0	75.26412048227745	0	0	0	0	1.1954564278540916	0	0	0	30.87437918228651	1.642739058470353	22.881323054376534	0	31.560747790997947	0	9.514244019428782	0	0	0	0	51.01467377438014
0	0	37.858229120548	0	50.45105293577942	24.007590825131153	97.01194626181382	9.523477232828787	0	0	0	13.84821589899244	19.139282808956068	0	0	28.041163590081275	77.17850525600721	79.60464383947387	0	0	23.095301948284842	0	20.64021391893376	18.380142529734904	24.141242748373724	65.44866939957525	42.29573262973142	0	31.91430538520594	57.13737544193917	43.43256104821319	0	0	0	82.5364337179696	0	114.95140716444459	69.01644664217908	0	0	49.101839468390324	0	0	6.357809138198142	50.94838285286363	4.9835965623056095
24.932984508381974	37.858229120548	0	0	49.164916804683365	0	55.8227506399017	70.55455064709808	0	0	0	0	63.79841728898287	4.9870603412746695	13.788919293774265	44.17938650031804	68.22950622453394	48.16328782185837	69.80054094891977	0	0	0	34.06942566481185	0	0	67.00592135891159	0	0	0	65.38368857871022	32.98166832466482	3.39094939494964	0	0	33.18172261883463	35.92057787939731	8.74451902493502	0	10.400103613325802	0	43.60558677625269	0	0	28.035402362031256	0	0
21.845882678925648	0	0	0	10.254220244315404	0	0	13.765858027100052	52.279180367540675	0	52.808107634413446	79.43966608348452	0	66.0958790967897	51.446956096887504	52.78998101442207	0	0	4.719167856551444	0	0	21.75398235390102	0	0	0	9.136865182182563	47.841512575778275	65.43496501684157	19.729237430955227	52.96453195688484	0	0	77.81328608471652	0	5.713739029284587	0	1.0931830970971903	0	0	60.64896040112042	0	0	0	17.530703763580664	0	0
57.33179224850769	50.45105293577942	49.164916804683365	10.254220244315404	0	51.01491286703621	58.154020689146094	.9738674165404169	4.135734321237193	75.38467476366391	0	5.821373852215193	0	12.73079500411727	0	0	44.47683643562722	39.474868694469244	0	0	0	0	29.025763447342115	22.554535379349286	58.892053313786086	0	48.224822459331584	0	0	17.08882283996494	0	13.748735208770015	42.65609358072002	0	0	0	0	0	24.968171752382734	0	55.19639208816314	0	0	0	69.39070030945253	0
0	24.007590825131153	0	0	51.01491286703621	0	47.72527777680422	81.39446049773353	0	0	0	0	44.1790230890787	1.7591849991009711	0	39.39578751779013	55.93627807353864	47.39004886608037	64.3060286503508	0	0	25.38822378622515	39.74055510961927	0	22.779500620594714	24.673623208096807	.004809745635161209	0	0	35.737388419687605	15.92743422662097	47.717118823317996	.5345310725199758	0	19.090233595249433	56.90573788013768	0	0	36.33728133050168	0	0	0	0	10.967029946246774	0	0
38.41170531176058	97.01194626181382	55.8227506399017	0	58.154020689146094	47.72527777680422	0	28.628150565975837	0	0	0	0	0	0	0	5.87037395724324	63.49904117931668	28.909091103507016	0	0	0	0	0	0	58.01114318921648	0	35.71664043126486	0	0	26.154931721397563	0	0	0	0	59.971780389261546	0	60.711145907364646	0	0	0	42.656588509548264	0	0	0	.8741988299908353	3.134927384885263
0	9.523477232828787	70.55455064709808	13.765858027100052	.9738674165404169	81.39446049773353	28.628150565975837	0	0	0	NaN	0	83.48196264623166	9.302739791594057	0	2.308335299371172	24.545201184299607	34.04440942831512	0	0	0	0	67.71455995810098	0	61.865666710693866	41.666390349067555	0	23.733534716440026	0	46.97202137270767	11.430395842752068	1.7745564066661423	0	0	15.446184591905686	0	0	0	0	0	0	0	0	5.155041643823228	0	0
40.73806817975594	0	0	52.279180367540675	4.135734321237193	0	0	0	0	0	18.6774915710351	20.313667613894662	15.394250555904872	0	45.88890681909826	25.15064431199853	0	0	0	0	18.20481657252219	36.28813083214686	17.551061696637614	0	0	31.183409534410607	40.73063006657678	49.85250592543294	3.3537295463837866	NaN	0	0	39.844108377116214	12.02275993904261	0	0	16.548465064395497	0	28.969123427483368	0	24.15819310401214	0	37.78772052325485	0	0	14.491207879497123
0	0	0	0	75.38467476366391	0	0	0	0	0	0	20.64242043448402	0	0	0	0	41.911827284770254	60.58114151434401	0	19.546729384798976	0	0	0	0	0	0	54.88400537269236	0	6.661694850044676	40.71860329759838	0	0	0	40.71423467784293	39.30208236341098	0	0	0	27.46221673174108	0	0	0	0	0	6.725561036718447	22.460899994277057
0	0	0	52.808107634413446	0	0	0	NaN	18.6774915710351	0	0	0	0	0	45.29565892811535	25.195452921548192	0	0	0	4.024675850482772	0	26.330794837307057	0	0	0	0	0	44.080845737362864	0	NaN	0	0	0	0	0	0	0	0	0	0	0	0	0	0	0	48.4802523663815
0	13.84821589899244	0	79.43966608348452	5.821373852215193	0	0	0	20.313667613894662	20.64242043448402	0	0	0	40.76396309175537	54.89292128651672	50.35660189060745	0	0	0	50.9533460831557	4.593579571753104	37.30225325195587	0	0	0	30.941654800556748	28.125394045353243	53.965253254811394	36.63695239919056	NaN	24.767318190060546	0	64.21182689030178	37.27439797957264	23.90377995075147	0	32.231080275525656	0	0	15.508218065084812	0	0	57.35683434721265	0	45.16144034040725	59.10347021342196
14.944040558089805	19.139282808956068	63.79841728898287	0	0	44.1790230890787	0	83.48196264623166	15.394250555904872	0	0	0	0	24.011666726369587	14.456524777858968	57.76265340956483	51.336008181282175	1.5712647566504814	33.1830856544136	0	13.723048398798788	0	28.54704039736917	0	48.826012984773115	77.5306396395874	0	0	46.563775462127104	0	16.299546270746788	50.617498950963984	0	0	0	33.858595334266695	1.2093922186808428	0	0	0	0	0	13.688471860382906	11.770610025047185	43.964762420119044	0
46.78571389204547	0	4.9870603412746695	66.0958790967897	12.73079500411727	1.7591849991009711	0	9.302739791594057	0	0	0	40.76396309175537	24.011666726369587	0	0	0	0	0	0	0	0	0	37.566424616451386	0	0	32.162478508886245	0	63.188753254509464	0	NaN	0	0	10.141797014800467	50.429341524892706	0	0	0	0	42.322056163051	0	39.24106266637646	0	0	0	0	0
28.81132207655264	0	13.788919293774265	51.446956096887504	0	0	0	0	45.88890681909826	0	45.29565892811535	54.89292128651672	14.456524777858968	0	0	0	0	0	45.34301305838421	0	0	0	21.523281896374836	0	16.38468822652919	0	8.599222424366047	72.13067423777922	0	52.964531956884784	0	0	86.15701605146296	0	0	0	0	0	0	44.22821831066148	0	0	0	0	0	23.2079854669404
0	28.041163590081275	44.17938650031804	52.78998101442207	0	39.39578751779013	5.87037395724324	2.308335299371172	25.15064431199853	0	25.195452921548192	50.35660189060745	57.76265340956483	0	0	0	11.70730201927107	16.117335444035195	43.234496639119136	0	0	0	56.900143591109256	0	0	19.879010194075537	0	2.6134464179329266	6.099848739686184	NaN	0	32.490574957086196	0	45.8140609469862	35.53660081439395	4.383545008515121	0	0	45.454923158138826	0	0	0	0	0	0	56.571912183052184
0	77.17850525600721	68.22950622453394	0	44.47683643562722	55.93627807353864	63.49904117931668	24.545201184299607	0	41.911827284770254	0	0	51.336008181282175	0	0	11.70730201927107	0	35.42436703927425	23.047251812385245	0	0	0	36.96382693597193	30.839347914973636	49.62679148944731	66.9721628724208	28.979485505191622	0	58.10146574934428	4.360735905567194	12.44006813638476	92.63422287550665	0	0	21.45284150076695	0	21.69560939829478	5.699368326412904	0	0	34.15882897091582	13.012399657925572	0	8.060212296838266	47.305212453149466	0
0	79.60464383947387	48.16328782185837	0	39.474868694469244	47.39004886608037	28.909091103507016	34.04440942831512	0	60.58114151434401	0	0	1.5712647566504814	0	0	16.117335444035195	35.42436703927425	0	0	0	34.76561124248236	0	17.52674337257551	62.53186808087342	24.58574216630823	0	57.5761594192881	0	0	43.153981308585735	0	0	0	0	87.38000386493296	0	0	0	0	0	0	22.10631579554466	0	25.59178011844911	60.910566223337646	0
45.68287024125288	0	69.80054094891977	4.719167856551444	0	64.3060286503508	0	0	0	0	0	0	33.1830856544136	0	45.34301305838421	43.234496639119136	23.047251812385245	0	0	63.17816723820456	38.037657793877266	0	68.03197124503413	34.836588116275195	49.30515878474201	56.319216125770566	34.78348367385964	36.61977879113147	0	18.247595936369137	0	46.31893332404702	0	0	6.9681529983762776	6.155389277974029	2.6596308319718527	0	9.284793652490329	11.65787217262099	24.66944795688666	0	43.662424704645424	28.0740942480335	48.00937788890346	0
0	0	0	0	0	0	0	0	0	19.546729384798976	4.024675850482772	50.9533460831557	0	0	0	0	0	0	63.17816723820456	0	25.81998439367437	0	0	0	0	0	0	0	17.585276164063394	38.12977357020615	0	0	0	0	48.57101998734329	0	29.5855083695451	0	0	8.788800895620543	0	0	0	41.49350365033205	61.213234053116345	44.356726300959906
0	23.095301948284842	0	0	0	0	0	0	18.20481657252219	0	0	4.593579571753104	13.723048398798788	0	0	0	0	34.76561124248236	38.037657793877266	25.81998439367437	0	0	7.447296243970524	0	0	0	0	0	52.4408616221007	NaN	0	13.18860338423579	33.7298997185622	3.3481566821664988	52.65781492058397	64.98020274708877	7.761326313893273	0	0	0	0	0	0	.1303606757982539	0	0
6.436001877277992	0	0	21.75398235390102	0	25.38822378622515	0	0	36.28813083214686	0	26.330794837307057	37.30225325195587	0	0	0	0	0	0	0	0	0	0	12.038469980702232	0	0	0	0	61.63867163119839	0	NaN	0	0	33.43947510493021	55.02433772819323	18.87186569760626	0	0	0	16.774612765518743	0	0	0	0	6.87092227742346	0	78.42532227435497
0	20.64021391893376	34.06942566481185	0	29.025763447342115	39.74055510961927	0	67.71455995810098	17.551061696637614	0	0	0	28.54704039736917	37.566424616451386	21.523281896374836	56.900143591109256	36.96382693597193	17.52674337257551	68.03197124503413	0	7.447296243970524	12.038469980702232	0	0	16.603614037117907	47.34912849680794	29.594416464069596	0	8.560851615093974	71.1382227141636	0	41.552393925509186	0	0	27.22068181507843	9.309391021071526	0	0	30.247026351683367	0	0	0	38.56065291783605	0	0	0
0	18.380142529734904	0	0	22.554535379349286	0	0	0	0	0	0	0	0	0	0	0	30.839347914973636	62.53186808087342	34.836588116275195	0	0	0	0	0	0	0	0	0	0	0	0	50.29230907364595	0	0	51.24479620057984	0	0	0	0	0	0	0	0	5.119727191904982	0	0
0	24.141242748373724	0	0	58.892053313786086	22.779500620594714	58.01114318921648	61.865666710693866	0	0	0	0	48.826012984773115	0	16.38468822652919	0	49.62679148944731	24.58574216630823	49.30515878474201	0	0	0	16.603614037117907	0	0	70.48334116303224	0	0	0	36.01197580538131	15.752156250096458	30.159533481542645	0	0	72.54292306559627	0	62.709880170520016	0	21.23842523581168	0	5.5419067268445055	0	0	33.45130013445394	0	0
75.26412048227745	65.44866939957525	67.00592135891159	9.136865182182563	0	24.673623208096807	0	41.666390349067555	31.183409534410607	0	0	30.941654800556748	77.5306396395874	32.162478508886245	0	19.879010194075537	66.9721628724208	0	56.319216125770566	0	0	0	47.34912849680794	0	70.48334116303224	0	0	0	46.64057119052782	25.251410914391492	43.27769287007388	53.96459803633697	0	0	10.095027331622608	40.69039610113993	52.60176019560038	25.878544825595434	52.057791274497426	10.52549716674228	86.94232739692544	0	0	0	0	21.629622184583994
0	42.29573262973142	0	47.841512575778275	48.224822459331584	.004809745635161209	35.71664043126486	0	40.73063006657678	54.88400537269236	0	28.125394045353243	0	0	8.599222424366047	0	28.979485505191622	57.5761594192881	34.78348367385964	0	0	0	29.594416464069596	0	0	0	0	0	17.955296627054366	0	0	0	19.24199544768733	51.57269711232945	62.715968925464516	23.483754687441508	19.307290859065734	0	34.16117105420354	16.292592184864652	0	0	0	71.83181056356203	0	35.845358406706126
0	0	0	65.43496501684157	0	0	0	23.733534716440026	49.85250592543294	0	44.080845737362864	53.965253254811394	0	63.188753254509464	72.13067423777922	2.6134464179329266	0	0	36.61977879113147	0	0	61.63867163119839	0	0	0	0	0	0	47.8221323969984	NaN	0	0	52.940690164735344	0	0	0	19.91590565324255	0	0	23.347683910351215	0	0	27.76758270515865	0	0	0
0	31.91430538520594	0	19.729237430955227	0	0	0	0	3.3537295463837866	6.661694850044676	0	36.63695239919056	46.563775462127104	0	0	6.099848739686184	58.10146574934428	0	0	17.585276164063394	52.4408616221007	0	8.560851615093974	0	0	46.64057119052782	17.955296627054366	47.8221323969984	0	0	0	0	60.96640316825051	40.189873427197554	29.812836889100513	52.300329636040196	78.68983343190185	0	48.353842309385335	47.452293163523606	0	0	0	0	1.123798399430319	61.30126616834887
0	57.13737544193917	65.38368857871022	52.96453195688484	17.08882283996494	35.737388419687605	26.154931721397563	46.97202137270767	NaN	40.71860329759838	NaN	NaN	0	NaN	52.964531956884784	NaN	4.360735905567194	43.153981308585735	18.247595936369137	38.12977357020615	NaN	NaN	71.1382227141636	0	36.01197580538131	25.251410914391492	0	NaN	0	0	6.367764139978811	46.86167709406446	49.167551964602495	NaN	0	37.254275482732844	0	0	73.15905370015616	0	0	0	NaN	1.2563412517377406	0	NaN
1.1954564278540916	43.43256104821319	32.98166832466482	0	0	15.92743422662097	0	11.430395842752068	0	0	0	24.767318190060546	16.299546270746788	0	0	0	12.44006813638476	0	0	0	0	0	0	0	15.752156250096458	43.27769287007388	0	0	0	6.367764139978811	0	0	0	0	0	35.53249155414645	66.99268269071258	19.744749220156187	0	0	40.096479145230134	0	0	0	0	25.03445759082232
0	0	3.39094939494964	0	13.748735208770015	47.717118823317996	0	1.7745564066661423	0	0	0	0	50.617498950963984	0	0	32.490574957086196	92.63422287550665	0	46.31893332404702	0	13.18860338423579	0	41.552393925509186	50.29230907364595	30.159533481542645	53.96459803633697	0	0	0	46.86167709406446	0	0	9.72554289896108	0	0	0	0	0	36.508031375386764	18.09243946275322	17.998140541446727	0	0	47.11624993871215	0	0
0	0	0	77.81328608471652	42.65609358072002	.5345310725199758	0	0	39.844108377116214	0	0	64.21182689030178	0	10.141797014800467	86.15701605146296	0	0	0	0	0	33.7298997185622	33.43947510493021	0	0	0	0	19.24199544768733	52.940690164735344	60.96640316825051	49.167551964602495	0	9.72554289896108	0	0	58.94835508835898	0	54.006294294145114	0	0	4.886778822509086	0	21.444507037356527	0	42.97212316145767	37.80076585199978	0
0	0	0	0	0	0	0	0	12.02275993904261	40.71423467784293	0	37.27439797957264	0	50.429341524892706	0	45.8140609469862	0	0	0	0	3.3481566821664988	55.02433772819323	0	0	0	0	51.57269711232945	0	40.189873427197554	NaN	0	0	0	0	45.858363127344475	0	38.25357910132932	0	0	0	0	0	33.249544791214305	0	48.310444334553196	0
30.87437918228651	82.5364337179696	33.18172261883463	5.713739029284587	0	19.090233595249433	59.971780389261546	15.446184591905686	0	39.30208236341098	0	23.90377995075147	0	0	0	35.53660081439395	21.45284150076695	87.38000386493296	6.9681529983762776	48.57101998734329	52.65781492058397	18.87186569760626	27.22068181507843	51.24479620057984	72.54292306559627	10.095027331622608	62.715968925464516	0	29.812836889100513	0	0	0	58.94835508835898	45.858363127344475	0	0	18.460979626924495	0	22.96995952546705	0	32.174260522207014	0	0	0	74.26950205872208	25.30466506343031
1.642739058470353	0	35.92057787939731	0	0	56.90573788013768	0	0	0	0	0	0	33.858595334266695	0	0	4.383545008515121	0	0	6.155389277974029	0	64.98020274708877	0	9.309391021071526	0	0	40.69039610113993	23.483754687441508	0	52.300329636040196	37.254275482732844	35.53249155414645	0	0	0	0	0	0	35.16489311091623	48.46477776570498	0	7.552098178444954	63.99744148793904	31.499939102853162	0	67.66941824511261	0
22.881323054376534	114.95140716444459	8.74451902493502	1.0931830970971903	0	0	60.711145907364646	0	16.548465064395497	0	0	32.231080275525656	1.2093922186808428	0	0	0	21.69560939829478	0	2.6596308319718527	29.5855083695451	7.761326313893273	0	0	0	62.709880170520016	52.60176019560038	19.307290859065734	19.91590565324255	78.68983343190185	0	66.99268269071258	0	54.006294294145114	38.25357910132932	18.460979626924495	0	0	0	18.046600380232643	0	10.734462537364593	0	0	0	61.4973402072563	20.66358167810526
0	69.01644664217908	0	0	0	0	0	0	0	0	0	0	0	0	0	0	5.699368326412904	0	0	0	0	0	0	0	0	25.878544825595434	0	0	0	0	19.744749220156187	0	0	0	0	35.16489311091623	0	0	0	0	0	0	0	0	0	0
31.560747790997947	0	10.400103613325802	0	24.968171752382734	36.33728133050168	0	0	28.969123427483368	27.46221673174108	0	0	0	42.322056163051	0	45.454923158138826	0	0	9.284793652490329	0	0	16.774612765518743	30.247026351683367	0	21.23842523581168	52.057791274497426	34.16117105420354	0	48.353842309385335	73.15905370015616	0	36.508031375386764	0	0	22.96995952546705	48.46477776570498	18.046600380232643	0	0	9.103471531775808	5.7555856941520025	0	0	5.781299389092844	29.047833282778452	5.367204964870562
0	0	0	60.64896040112042	0	0	0	0	0	0	0	15.508218065084812	0	0	44.22821831066148	0	0	0	11.65787217262099	8.788800895620543	0	0	0	0	0	10.52549716674228	16.292592184864652	23.347683910351215	47.452293163523606	0	0	18.09243946275322	4.886778822509086	0	0	0	0	0	9.103471531775808	0	0	0	7.560910512702178	0	0	73.93602670091262
9.514244019428782	49.101839468390324	43.60558677625269	0	55.19639208816314	0	42.656588509548264	0	24.15819310401214	0	0	0	0	39.24106266637646	0	0	34.15882897091582	0	24.66944795688666	0	0	0	0	0	5.5419067268445055	86.94232739692544	0	0	0	0	40.096479145230134	17.998140541446727	0	0	32.174260522207014	7.552098178444954	10.734462537364593	0	5.7555856941520025	0	0	0	0	0	0	18.964275042007525
0	0	0	0	0	0	0	0	0	0	0	0	0	0	0	0	13.012399657925572	22.10631579554466	0	0	0	0	0	0	0	0	0	0	0	0	0	0	21.444507037356527	0	0	63.99744148793904	0	0	0	0	0	0	0	0	0	0
0	0	0	0	0	0	0	0	37.78772052325485	0	0	57.35683434721265	13.688471860382906	0	0	0	0	0	43.662424704645424	0	0	0	38.56065291783605	0	0	0	0	27.76758270515865	0	NaN	0	0	0	33.249544791214305	0	31.499939102853162	0	0	0	7.560910512702178	0	0	0	0	0	34.76237154007436
0	6.357809138198142	28.035402362031256	17.530703763580664	0	10.967029946246774	0	5.155041643823228	0	0	0	0	11.770610025047185	0	0	0	8.060212296838266	25.59178011844911	28.0740942480335	41.49350365033205	.1303606757982539	6.87092227742346	0	5.119727191904982	33.45130013445394	0	71.83181056356203	0	0	1.2563412517377406	0	47.11624993871215	42.97212316145767	0	0	0	0	0	5.781299389092844	0	0	0	0	0	63.36370605007471	0
0	50.94838285286363	0	0	69.39070030945253	0	.8741988299908353	0	0	6.725561036718447	0	45.16144034040725	43.964762420119044	0	0	0	47.305212453149466	60.910566223337646	48.00937788890346	61.213234053116345	0	0	0	0	0	0	0	0	1.123798399430319	0	0	0	37.80076585199978	48.310444334553196	74.26950205872208	67.66941824511261	61.4973402072563	0	29.047833282778452	0	0	0	0	63.36370605007471	0	42.44907573524002
51.01467377438014	4.9835965623056095	0	0	0	0	3.134927384885263	0	14.491207879497123	22.460899994277057	48.4802523663815	59.10347021342196	0	0	23.2079854669404	56.571912183052184	0	0	0	44.356726300959906	0	78.42532227435497	0	0	0	21.629622184583994	35.845358406706126	0	61.30126616834887	NaN	25.03445759082232	0	0	0	25.30466506343031	0	20.66358167810526	0	5.367204964870562	73.93602670091262	18.964275042007525	0	34.76237154007436	0	42.44907573524002	0
